512 1536
2 512 512
1 512
2 1 0 512 1024 XOR
2 1 1 513 1025 XOR
2 1 2 514 1026 XOR
2 1 3 515 1027 XOR
2 1 4 516 1028 XOR
2 1 5 517 1029 XOR
2 1 6 518 1030 XOR
2 1 7 519 1031 XOR
2 1 8 520 1032 XOR
2 1 9 521 1033 XOR
2 1 10 522 1034 XOR
2 1 11 523 1035 XOR
2 1 12 524 1036 XOR
2 1 13 525 1037 XOR
2 1 14 526 1038 XOR
2 1 15 527 1039 XOR
2 1 16 528 1040 XOR
2 1 17 529 1041 XOR
2 1 18 530 1042 XOR
2 1 19 531 1043 XOR
2 1 20 532 1044 XOR
2 1 21 533 1045 XOR
2 1 22 534 1046 XOR
2 1 23 535 1047 XOR
2 1 24 536 1048 XOR
2 1 25 537 1049 XOR
2 1 26 538 1050 XOR
2 1 27 539 1051 XOR
2 1 28 540 1052 XOR
2 1 29 541 1053 XOR
2 1 30 542 1054 XOR
2 1 31 543 1055 XOR
2 1 32 544 1056 XOR
2 1 33 545 1057 XOR
2 1 34 546 1058 XOR
2 1 35 547 1059 XOR
2 1 36 548 1060 XOR
2 1 37 549 1061 XOR
2 1 38 550 1062 XOR
2 1 39 551 1063 XOR
2 1 40 552 1064 XOR
2 1 41 553 1065 XOR
2 1 42 554 1066 XOR
2 1 43 555 1067 XOR
2 1 44 556 1068 XOR
2 1 45 557 1069 XOR
2 1 46 558 1070 XOR
2 1 47 559 1071 XOR
2 1 48 560 1072 XOR
2 1 49 561 1073 XOR
2 1 50 562 1074 XOR
2 1 51 563 1075 XOR
2 1 52 564 1076 XOR
2 1 53 565 1077 XOR
2 1 54 566 1078 XOR
2 1 55 567 1079 XOR
2 1 56 568 1080 XOR
2 1 57 569 1081 XOR
2 1 58 570 1082 XOR
2 1 59 571 1083 XOR
2 1 60 572 1084 XOR
2 1 61 573 1085 XOR
2 1 62 574 1086 XOR
2 1 63 575 1087 XOR
2 1 64 576 1088 XOR
2 1 65 577 1089 XOR
2 1 66 578 1090 XOR
2 1 67 579 1091 XOR
2 1 68 580 1092 XOR
2 1 69 581 1093 XOR
2 1 70 582 1094 XOR
2 1 71 583 1095 XOR
2 1 72 584 1096 XOR
2 1 73 585 1097 XOR
2 1 74 586 1098 XOR
2 1 75 587 1099 XOR
2 1 76 588 1100 XOR
2 1 77 589 1101 XOR
2 1 78 590 1102 XOR
2 1 79 591 1103 XOR
2 1 80 592 1104 XOR
2 1 81 593 1105 XOR
2 1 82 594 1106 XOR
2 1 83 595 1107 XOR
2 1 84 596 1108 XOR
2 1 85 597 1109 XOR
2 1 86 598 1110 XOR
2 1 87 599 1111 XOR
2 1 88 600 1112 XOR
2 1 89 601 1113 XOR
2 1 90 602 1114 XOR
2 1 91 603 1115 XOR
2 1 92 604 1116 XOR
2 1 93 605 1117 XOR
2 1 94 606 1118 XOR
2 1 95 607 1119 XOR
2 1 96 608 1120 XOR
2 1 97 609 1121 XOR
2 1 98 610 1122 XOR
2 1 99 611 1123 XOR
2 1 100 612 1124 XOR
2 1 101 613 1125 XOR
2 1 102 614 1126 XOR
2 1 103 615 1127 XOR
2 1 104 616 1128 XOR
2 1 105 617 1129 XOR
2 1 106 618 1130 XOR
2 1 107 619 1131 XOR
2 1 108 620 1132 XOR
2 1 109 621 1133 XOR
2 1 110 622 1134 XOR
2 1 111 623 1135 XOR
2 1 112 624 1136 XOR
2 1 113 625 1137 XOR
2 1 114 626 1138 XOR
2 1 115 627 1139 XOR
2 1 116 628 1140 XOR
2 1 117 629 1141 XOR
2 1 118 630 1142 XOR
2 1 119 631 1143 XOR
2 1 120 632 1144 XOR
2 1 121 633 1145 XOR
2 1 122 634 1146 XOR
2 1 123 635 1147 XOR
2 1 124 636 1148 XOR
2 1 125 637 1149 XOR
2 1 126 638 1150 XOR
2 1 127 639 1151 XOR
2 1 128 640 1152 XOR
2 1 129 641 1153 XOR
2 1 130 642 1154 XOR
2 1 131 643 1155 XOR
2 1 132 644 1156 XOR
2 1 133 645 1157 XOR
2 1 134 646 1158 XOR
2 1 135 647 1159 XOR
2 1 136 648 1160 XOR
2 1 137 649 1161 XOR
2 1 138 650 1162 XOR
2 1 139 651 1163 XOR
2 1 140 652 1164 XOR
2 1 141 653 1165 XOR
2 1 142 654 1166 XOR
2 1 143 655 1167 XOR
2 1 144 656 1168 XOR
2 1 145 657 1169 XOR
2 1 146 658 1170 XOR
2 1 147 659 1171 XOR
2 1 148 660 1172 XOR
2 1 149 661 1173 XOR
2 1 150 662 1174 XOR
2 1 151 663 1175 XOR
2 1 152 664 1176 XOR
2 1 153 665 1177 XOR
2 1 154 666 1178 XOR
2 1 155 667 1179 XOR
2 1 156 668 1180 XOR
2 1 157 669 1181 XOR
2 1 158 670 1182 XOR
2 1 159 671 1183 XOR
2 1 160 672 1184 XOR
2 1 161 673 1185 XOR
2 1 162 674 1186 XOR
2 1 163 675 1187 XOR
2 1 164 676 1188 XOR
2 1 165 677 1189 XOR
2 1 166 678 1190 XOR
2 1 167 679 1191 XOR
2 1 168 680 1192 XOR
2 1 169 681 1193 XOR
2 1 170 682 1194 XOR
2 1 171 683 1195 XOR
2 1 172 684 1196 XOR
2 1 173 685 1197 XOR
2 1 174 686 1198 XOR
2 1 175 687 1199 XOR
2 1 176 688 1200 XOR
2 1 177 689 1201 XOR
2 1 178 690 1202 XOR
2 1 179 691 1203 XOR
2 1 180 692 1204 XOR
2 1 181 693 1205 XOR
2 1 182 694 1206 XOR
2 1 183 695 1207 XOR
2 1 184 696 1208 XOR
2 1 185 697 1209 XOR
2 1 186 698 1210 XOR
2 1 187 699 1211 XOR
2 1 188 700 1212 XOR
2 1 189 701 1213 XOR
2 1 190 702 1214 XOR
2 1 191 703 1215 XOR
2 1 192 704 1216 XOR
2 1 193 705 1217 XOR
2 1 194 706 1218 XOR
2 1 195 707 1219 XOR
2 1 196 708 1220 XOR
2 1 197 709 1221 XOR
2 1 198 710 1222 XOR
2 1 199 711 1223 XOR
2 1 200 712 1224 XOR
2 1 201 713 1225 XOR
2 1 202 714 1226 XOR
2 1 203 715 1227 XOR
2 1 204 716 1228 XOR
2 1 205 717 1229 XOR
2 1 206 718 1230 XOR
2 1 207 719 1231 XOR
2 1 208 720 1232 XOR
2 1 209 721 1233 XOR
2 1 210 722 1234 XOR
2 1 211 723 1235 XOR
2 1 212 724 1236 XOR
2 1 213 725 1237 XOR
2 1 214 726 1238 XOR
2 1 215 727 1239 XOR
2 1 216 728 1240 XOR
2 1 217 729 1241 XOR
2 1 218 730 1242 XOR
2 1 219 731 1243 XOR
2 1 220 732 1244 XOR
2 1 221 733 1245 XOR
2 1 222 734 1246 XOR
2 1 223 735 1247 XOR
2 1 224 736 1248 XOR
2 1 225 737 1249 XOR
2 1 226 738 1250 XOR
2 1 227 739 1251 XOR
2 1 228 740 1252 XOR
2 1 229 741 1253 XOR
2 1 230 742 1254 XOR
2 1 231 743 1255 XOR
2 1 232 744 1256 XOR
2 1 233 745 1257 XOR
2 1 234 746 1258 XOR
2 1 235 747 1259 XOR
2 1 236 748 1260 XOR
2 1 237 749 1261 XOR
2 1 238 750 1262 XOR
2 1 239 751 1263 XOR
2 1 240 752 1264 XOR
2 1 241 753 1265 XOR
2 1 242 754 1266 XOR
2 1 243 755 1267 XOR
2 1 244 756 1268 XOR
2 1 245 757 1269 XOR
2 1 246 758 1270 XOR
2 1 247 759 1271 XOR
2 1 248 760 1272 XOR
2 1 249 761 1273 XOR
2 1 250 762 1274 XOR
2 1 251 763 1275 XOR
2 1 252 764 1276 XOR
2 1 253 765 1277 XOR
2 1 254 766 1278 XOR
2 1 255 767 1279 XOR
2 1 256 768 1280 AND
2 1 257 769 1281 AND
2 1 258 770 1282 AND
2 1 259 771 1283 AND
2 1 260 772 1284 AND
2 1 261 773 1285 AND
2 1 262 774 1286 AND
2 1 263 775 1287 AND
2 1 264 776 1288 AND
2 1 265 777 1289 AND
2 1 266 778 1290 AND
2 1 267 779 1291 AND
2 1 268 780 1292 AND
2 1 269 781 1293 AND
2 1 270 782 1294 AND
2 1 271 783 1295 AND
2 1 272 784 1296 AND
2 1 273 785 1297 AND
2 1 274 786 1298 AND
2 1 275 787 1299 AND
2 1 276 788 1300 AND
2 1 277 789 1301 AND
2 1 278 790 1302 AND
2 1 279 791 1303 AND
2 1 280 792 1304 AND
2 1 281 793 1305 AND
2 1 282 794 1306 AND
2 1 283 795 1307 AND
2 1 284 796 1308 AND
2 1 285 797 1309 AND
2 1 286 798 1310 AND
2 1 287 799 1311 AND
2 1 288 800 1312 AND
2 1 289 801 1313 AND
2 1 290 802 1314 AND
2 1 291 803 1315 AND
2 1 292 804 1316 AND
2 1 293 805 1317 AND
2 1 294 806 1318 AND
2 1 295 807 1319 AND
2 1 296 808 1320 AND
2 1 297 809 1321 AND
2 1 298 810 1322 AND
2 1 299 811 1323 AND
2 1 300 812 1324 AND
2 1 301 813 1325 AND
2 1 302 814 1326 AND
2 1 303 815 1327 AND
2 1 304 816 1328 AND
2 1 305 817 1329 AND
2 1 306 818 1330 AND
2 1 307 819 1331 AND
2 1 308 820 1332 AND
2 1 309 821 1333 AND
2 1 310 822 1334 AND
2 1 311 823 1335 AND
2 1 312 824 1336 AND
2 1 313 825 1337 AND
2 1 314 826 1338 AND
2 1 315 827 1339 AND
2 1 316 828 1340 AND
2 1 317 829 1341 AND
2 1 318 830 1342 AND
2 1 319 831 1343 AND
2 1 320 832 1344 AND
2 1 321 833 1345 AND
2 1 322 834 1346 AND
2 1 323 835 1347 AND
2 1 324 836 1348 AND
2 1 325 837 1349 AND
2 1 326 838 1350 AND
2 1 327 839 1351 AND
2 1 328 840 1352 AND
2 1 329 841 1353 AND
2 1 330 842 1354 AND
2 1 331 843 1355 AND
2 1 332 844 1356 AND
2 1 333 845 1357 AND
2 1 334 846 1358 AND
2 1 335 847 1359 AND
2 1 336 848 1360 AND
2 1 337 849 1361 AND
2 1 338 850 1362 AND
2 1 339 851 1363 AND
2 1 340 852 1364 AND
2 1 341 853 1365 AND
2 1 342 854 1366 AND
2 1 343 855 1367 AND
2 1 344 856 1368 AND
2 1 345 857 1369 AND
2 1 346 858 1370 AND
2 1 347 859 1371 AND
2 1 348 860 1372 AND
2 1 349 861 1373 AND
2 1 350 862 1374 AND
2 1 351 863 1375 AND
2 1 352 864 1376 AND
2 1 353 865 1377 AND
2 1 354 866 1378 AND
2 1 355 867 1379 AND
2 1 356 868 1380 AND
2 1 357 869 1381 AND
2 1 358 870 1382 AND
2 1 359 871 1383 AND
2 1 360 872 1384 AND
2 1 361 873 1385 AND
2 1 362 874 1386 AND
2 1 363 875 1387 AND
2 1 364 876 1388 AND
2 1 365 877 1389 AND
2 1 366 878 1390 AND
2 1 367 879 1391 AND
2 1 368 880 1392 AND
2 1 369 881 1393 AND
2 1 370 882 1394 AND
2 1 371 883 1395 AND
2 1 372 884 1396 AND
2 1 373 885 1397 AND
2 1 374 886 1398 AND
2 1 375 887 1399 AND
2 1 376 888 1400 AND
2 1 377 889 1401 AND
2 1 378 890 1402 AND
2 1 379 891 1403 AND
2 1 380 892 1404 AND
2 1 381 893 1405 AND
2 1 382 894 1406 AND
2 1 383 895 1407 AND
2 1 384 896 1408 AND
2 1 385 897 1409 AND
2 1 386 898 1410 AND
2 1 387 899 1411 AND
2 1 388 900 1412 AND
2 1 389 901 1413 AND
2 1 390 902 1414 AND
2 1 391 903 1415 AND
2 1 392 904 1416 AND
2 1 393 905 1417 AND
2 1 394 906 1418 AND
2 1 395 907 1419 AND
2 1 396 908 1420 AND
2 1 397 909 1421 AND
2 1 398 910 1422 AND
2 1 399 911 1423 AND
2 1 400 912 1424 AND
2 1 401 913 1425 AND
2 1 402 914 1426 AND
2 1 403 915 1427 AND
2 1 404 916 1428 AND
2 1 405 917 1429 AND
2 1 406 918 1430 AND
2 1 407 919 1431 AND
2 1 408 920 1432 AND
2 1 409 921 1433 AND
2 1 410 922 1434 AND
2 1 411 923 1435 AND
2 1 412 924 1436 AND
2 1 413 925 1437 AND
2 1 414 926 1438 AND
2 1 415 927 1439 AND
2 1 416 928 1440 AND
2 1 417 929 1441 AND
2 1 418 930 1442 AND
2 1 419 931 1443 AND
2 1 420 932 1444 AND
2 1 421 933 1445 AND
2 1 422 934 1446 AND
2 1 423 935 1447 AND
2 1 424 936 1448 AND
2 1 425 937 1449 AND
2 1 426 938 1450 AND
2 1 427 939 1451 AND
2 1 428 940 1452 AND
2 1 429 941 1453 AND
2 1 430 942 1454 AND
2 1 431 943 1455 AND
2 1 432 944 1456 AND
2 1 433 945 1457 AND
2 1 434 946 1458 AND
2 1 435 947 1459 AND
2 1 436 948 1460 AND
2 1 437 949 1461 AND
2 1 438 950 1462 AND
2 1 439 951 1463 AND
2 1 440 952 1464 AND
2 1 441 953 1465 AND
2 1 442 954 1466 AND
2 1 443 955 1467 AND
2 1 444 956 1468 AND
2 1 445 957 1469 AND
2 1 446 958 1470 AND
2 1 447 959 1471 AND
2 1 448 960 1472 AND
2 1 449 961 1473 AND
2 1 450 962 1474 AND
2 1 451 963 1475 AND
2 1 452 964 1476 AND
2 1 453 965 1477 AND
2 1 454 966 1478 AND
2 1 455 967 1479 AND
2 1 456 968 1480 AND
2 1 457 969 1481 AND
2 1 458 970 1482 AND
2 1 459 971 1483 AND
2 1 460 972 1484 AND
2 1 461 973 1485 AND
2 1 462 974 1486 AND
2 1 463 975 1487 AND
2 1 464 976 1488 AND
2 1 465 977 1489 AND
2 1 466 978 1490 AND
2 1 467 979 1491 AND
2 1 468 980 1492 AND
2 1 469 981 1493 AND
2 1 470 982 1494 AND
2 1 471 983 1495 AND
2 1 472 984 1496 AND
2 1 473 985 1497 AND
2 1 474 986 1498 AND
2 1 475 987 1499 AND
2 1 476 988 1500 AND
2 1 477 989 1501 AND
2 1 478 990 1502 AND
2 1 479 991 1503 AND
2 1 480 992 1504 AND
2 1 481 993 1505 AND
2 1 482 994 1506 AND
2 1 483 995 1507 AND
2 1 484 996 1508 AND
2 1 485 997 1509 AND
2 1 486 998 1510 AND
2 1 487 999 1511 AND
2 1 488 1000 1512 AND
2 1 489 1001 1513 AND
2 1 490 1002 1514 AND
2 1 491 1003 1515 AND
2 1 492 1004 1516 AND
2 1 493 1005 1517 AND
2 1 494 1006 1518 AND
2 1 495 1007 1519 AND
2 1 496 1008 1520 AND
2 1 497 1009 1521 AND
2 1 498 1010 1522 AND
2 1 499 1011 1523 AND
2 1 500 1012 1524 AND
2 1 501 1013 1525 AND
2 1 502 1014 1526 AND
2 1 503 1015 1527 AND
2 1 504 1016 1528 AND
2 1 505 1017 1529 AND
2 1 506 1018 1530 AND
2 1 507 1019 1531 AND
2 1 508 1020 1532 AND
2 1 509 1021 1533 AND
2 1 510 1022 1534 AND
2 1 511 1023 1535 AND
